120
1 50 4
1 51 0.5
1 49 1
1 50 0.5
1 49 0.5
1 45 4
1 43 1
1 47 1
1 49 4
1 51 0.5
1 50 0.5
1 54 0.5
1 52 1
1 48 1
1 47 1
1 51 1
1 49 2
1 49 1
1 50 4
1 48 0.5
1 48 4
1 46 0.5
1 44 2
1 46 2
1 42 1
1 40 4
1 42 2
1 40 4
1 42 2
1 42 0.5
1 44 0.5
1 45 0.5
1 42 2
1 46 1
1 45 4
1 49 1
1 45 2
1 49 1
1 51 0.5
1 48 4
1 49 0.5
1 48 0.5
1 47 4
1 49 0.5
1 47 4
1 47 1
1 51 4
1 55 4
1 57 1
1 56 1
1 53 0.5
1 56 2
1 60 1
1 61 0.5
1 59 4
1 57 1
1 53 2
1 53 0.5
1 49 1
1 51 1
1 53 0.5
1 52 4
1 50 1
1 47 2
1 50 1
1 53 1
1 55 0.5
1 57 1
1 55 0.5
1 57 2
1 54 0.5
1 57 1
1 61 4
1 63 4
1 61 1
1 59 4
1 63 2
1 59 4
1 56 1
1 53 4
1 57 4
1 60 0.5
1 64 4
1 64 2
1 60 4
1 58 0.5
1 55 2
1 57 0.5
1 61 0.5
1 57 2
1 54 2
1 56 4
1 55 2
1 59 0.5
1 58 1
1 56 0.5
1 60 1
1 60 1
1 61 0.5
1 57 1
1 57 0.5
1 59 0.5
1 62 4
1 62 1
1 62 0.5
1 60 4
1 61 2
1 58 1
1 60 2
1 58 0.5
1 55 0.5
1 55 1
1 59 1
1 61 2
1 61 4
1 64 2
1 63 1
1 60 1
1 60 0.5
1 62 0.5
1 58 2
1 60 1
1 57 2
1 57 1
1 55 0.5
1 56 0.5
1 55 2
1 56 2
1 60 2
1 62 2
1 64 0.5
1 64 1
1 60 0.5
1 56 1
1 58 1
1 55 4
1 51 4
1 52 2
1 54 1
1 51 0.5
1 49 0.5
1 50 1
1 47 2
1 48 1
1 51 1
2 40 4
2 40 0.5
2 43 1
2 40 0.5
2 42 0.5
2 39 4
2 35 1
2 32 1
2 36 4
2 39 0.5
2 43 0.5
2 41 0.5
2 41 1
2 38 1
2 38 1
2 40 1
2 39 2
2 38 1
2 42 4
2 38 0.5
2 38 4
2 34 0.5
2 31 2
2 34 2
2 32 1
2 32 4
2 33 2
2 30 4
2 34 2
2 30 0.5
2 34 0.5
2 32 0.5
2 32 2
2 30 1
2 33 4
2 35 1
2 38 2
2 34 1
2 38 0.5
2 36 4
2 36 0.5
2 32 0.5
2 30 4
2 32 0.5
2 32 4
2 33 1
2 34 4
2 35 4
2 39 1
2 35 1
2 35 0.5
2 36 2
2 39 1
2 39 0.5
2 37 4
2 38 1
2 41 2
2 43 0.5
2 47 1
2 49 1
2 48 0.5
2 50 4
2 52 1
2 48 2
2 52 1
2 52 1
2 48 0.5
2 49 1
2 47 0.5
2 46 2
2 48 0.5
2 52 1
2 51 4
2 52 4
2 49 1
2 47 4
2 48 2
2 51 4
2 52 1
2 52 4
2 50 4
2 52 0.5
2 52 4
2 50 2
2 51 4
2 52 0.5
2 50 2
2 51 0.5
2 51 0.5
2 47 2
2 45 2
2 48 4
2 49 2
2 47 0.5
2 44 1
2 46 0.5
2 48 1
2 49 1
2 49 0.5
2 49 1
2 47 0.5
2 48 0.5
2 48 4
2 52 1
2 48 0.5
2 51 4
2 48 2
2 49 1
2 49 2
2 45 0.5
2 48 0.5
2 44 1
2 46 1
2 47 2
2 47 4
2 47 2
2 43 1
2 46 1
2 42 0.5
2 43 0.5
2 44 2
2 40 1
2 43 2
2 40 1
2 43 0.5
2 40 0.5
2 36 2
2 40 2
2 43 2
2 39 2
2 37 0.5
2 41 1
2 44 0.5
2 41 1
2 38 1
2 35 4
2 31 4
2 29 2
2 28 1
2 32 0.5
2 29 0.5
2 28 1
2 32 2
2 34 1
2 36 1
3 28 0.5
3 30 0.5
3 27 2
3 26 1
3 28 2
3 26 1
3 24 0.5
3 21 4
3 21 2
3 19 2
3 16 2
3 19 0.5
3 16 2
3 16 4
3 18 4
3 20 2
3 17 4
3 16 4
3 16 2
3 19 0.5
3 20 0.5
3 23 2
3 23 1
3 21 2
3 20 4
3 22 1
3 20 0.5
3 23 1
3 24 0.5
3 28 4
3 25 4
3 25 1
3 27 4
3 29 1
3 32 4
3 33 1
3 30 4
3 27 0.5
3 26 0.5
3 29 1
3 26 4
3 24 1
3 20 1
3 20 2
3 20 0.5
3 21 4
3 21 4
3 23 1
3 23 2
3 25 1
3 26 2
3 30 4
3 31 4
3 29 0.5
3 26 0.5
3 27 4
3 24 1
3 27 2
3 25 0.5
3 27 0.5
3 25 1
3 28 4
3 26 4
3 24 4
3 24 2
3 21 2
3 20 4
3 22 4
3 22 0.5
3 24 0.5
3 28 2
3 32 1
3 34 2
3 33 2
3 34 4
3 36 1
3 32 1
3 33 1
3 29 1
3 29 1
3 25 0.5
3 22 2
3 26 0.5
3 28 1
3 31 1
3 29 0.5
3 32 4
3 31 2
3 32 4
3 29 0.5
3 26 4
3 26 0.5
3 22 0.5
3 21 4
3 23 1
3 23 4
3 22 2
3 25 1
3 25 4
3 26 4
3 26 0.5
3 25 1
3 24 2
3 20 2
3 19 2
3 17 4
3 18 0.5
3 17 0.5
3 20 2
3 22 0.5
3 20 2
3 22 1
3 19 4
3 21 0.5
3 21 2
3 19 2
3 18 1
3 18 4
3 16 0.5
3 18 4
3 21 0.5
3 21 2
3 17 1
